t-statistic: -2360.399131
p-value: 0.000000e+00
